1044,SD Init Complete,0,0,
1074,Can started!,0,0,
1075,I2C pyro pin expander failed to respond,0,0,
2082,Error deserializing JSON - EmptyInput,0,0,
2186,Max_M10S Initialized,0,0,
2547,DPS310 Initialized!,0,0,
2656,IMU Initialized,0,0,
2657,H3LIS331DL Initialized,0,0,
2769,nvs failed to start,0,0,
2769,MMC5983MA Initialized,0,0,
2770,state entered,2,2,
2771,System Setup Complete,0,0,
2775,Home not set, Localization not avaliable,262144,262146,
3230,GPS bad fix,16384,278530,
42054,flag removed,16384,262146,
90787,Home Position Updated to Lat: 52.669205 Long: -1.523778 Alt: 165387 Baro Ref Alt: 111.128403,0,0,
90792,all data avaliable, full update,262144,2,
116563,state exited | state duration: 113792,2,0,
116563,state entered,4,4,
1073641,Liftoff detected at 1073641,0,0,
1073642,state exited | state duration: 957079,4,0,
1073642,state entered,8,8,
1073651,Entered Boost Phase,33554432,33554440,
1073652,flag removed,67108864,33554440,
1073653,4294967295,0,0,
1073654,coeffs: 25.799799 0.000000 0.000000,0,0,
1073684,2147483648,0,0,
1073685,coeffs: 25.799803 43.009586 0.000000,0,0,
1073716,1073529,0,0,
1073717,coeffs: 25.799805 38.309574 156.673874,0,0,
1073749,1083507,0,0,
1073750,StreamSerial Send Buffer Overflow!,1024,33555464,
1073750,coeffs: 25.767006 47.272217 -2.398203,0,0,
1073773,StreamSerial Send Buffer Overflow!,1024,33555464,
1073773,flag removed,1024,33554440,
1073774,1072930,0,0,
1073774,coeffs: 25.786085 44.597515 30.906069,0,0,
1073801,1073089,0,0,
1073802,coeffs: 25.794495 43.775818 38.917259,0,0,
1073829,1073067,0,0,
1073830,coeffs: 25.792309 43.938717 37.601089,0,0,
1073855,1072375,0,0,
1073856,coeffs: 25.745466 46.729160 18.299585,0,0,
1073879,1072456,0,0,
1073880,coeffs: 25.749294 46.538052 19.459415,0,0,
1073904,1072686,0,0,
1073904,coeffs: 25.767813 45.749382 23.695835,0,0,
1073930,1072566,0,0,
1073931,coeffs: 25.754536 46.243946 21.306463,0,0,
1073948,Entered Coast Phase,67108864,100664328,
1073948,flag removed,33554432,67109896,
1073959,1072400,0,0,
1073960,coeffs: 25.736320 46.839680 18.710325,0,0,
1073983,1072406,0,0,
1073983,coeffs: 25.737038 46.818226 18.796898,0,0,
1074005,1072351,0,0,
1074006,coeffs: 25.729816 47.012554 18.072626,0,0,
1074031,1072054,0,0,
1074032,coeffs: 25.693691 47.905193 14.988662,0,0,
1074065,1071641,0,0,
1074066,coeffs: 25.653524 48.803684 12.134529,0,0,
1074093,1071374,0,0,
1074094,coeffs: 25.632132 49.247318 10.813487,0,0,
1074117,1071065,0,0,
1074118,coeffs: 25.609995 49.677032 9.604452,0,0,
1074145,1070800,0,0,
1074146,coeffs: 25.592527 49.993793 8.764943,0,0,
1074170,1070453,0,0,
1074171,coeffs: 25.571617 50.350216 7.869660,0,0,
1074199,1070194,0,0,
1074200,coeffs: 25.557005 50.584133 7.315035,0,0,
1074224,1070147,0,0,
1074224,coeffs: 25.554358 50.624695 7.223007,0,0,
1074252,1069706,0,0,
1074253,coeffs: 25.529598 50.979630 6.461163,0,0,
1074275,1069431,0,0,
1074276,coeffs: 25.515572 51.172665 6.062820,0,0,
1074300,1069332,0,0,
1074300,coeffs: 25.510426 51.239552 5.930963,0,0,
1074326,1068679,0,0,
1074327,coeffs: 25.479252 51.630074 5.191669,0,0,
1074359,1067999,0,0,
1074360,coeffs: 25.451511 51.960384 4.595886,0,0,
1074383,1067505,0,0,
1074384,coeffs: 25.433949 52.162247 4.243528,0,0,
1074411,1066697,0,0,
1074412,coeffs: 25.408451 52.443783 3.770666,0,0,
1074435,1066106,0,0,
1074436,coeffs: 25.392061 52.618519 3.486871,0,0,
1074465,1064486,0,0,
1074466,coeffs: 25.354794 52.999825 2.891155,0,0,
1074488,1062928,0,0,
1074489,coeffs: 25.327805 53.268017 2.483752,0,0,
1074516,1060470,0,0,
1074517,coeffs: 25.295732 53.575611 2.032258,0,0,
1074544,1055938,0,0,
1074545,coeffs: 25.257090 53.934288 1.522359,0,0,
1074569,1047798,0,0,
1074570,coeffs: 25.219175 54.276085 1.049687,0,0,
1074596,1033325,0,0,
1074597,coeffs: 25.187340 54.554390 0.676409,0,0,
1074624,980351,0,0,
1074625,coeffs: 25.152517 54.848549 0.293934,0,0,
1074653,1298254,0,0,
1074654,coeffs: 25.112364 55.178391 -0.122835,0,0,
1074679,1134539,0,0,
1074680,coeffs: 25.078669 55.448185 -0.455334,0,0,
1074706,1110843,0,0,
1074707,coeffs: 25.047333 55.692532 -0.748722,0,0,
1074730,1103348,0,0,
1074730,coeffs: 25.025858 55.855965 -0.940437,0,0,
1074766,1095514,0,0,
1074767,coeffs: 24.984564 56.159325 -1.284377,0,0,
1074790,1092149,0,0,
1074791,coeffs: 24.954700 56.374622 -1.523839,0,0,
1074818,1089758,0,0,
1074819,coeffs: 24.924149 56.589275 -1.756736,0,0,
1074847,1087972,0,0,
1074848,coeffs: 24.892920 56.803295 -1.983318,0,0,
1074871,1086485,0,0,
1074872,coeffs: 24.858551 57.033634 -2.222104,0,0,
1074895,1085845,0,0,
1074896,coeffs: 24.840382 57.153172 -2.343690,0,0,
1074920,1085296,0,0,
1074920,coeffs: 24.822412 57.269020 -2.459139,0,0,
1074946,1084575,0,0,
1074947,coeffs: 24.794727 57.443554 -2.629297,0,0,
1074970,1084202,0,0,
1074970,coeffs: 24.778076 57.546120 -2.727313,0,0,
1074997,1083700,0,0,
1074998,coeffs: 24.752672 57.699738 -2.871192,0,0,
1075023,1083221,0,0,
1075024,coeffs: 24.724686 57.865692 -3.023490,0,0,
1075056,1082787,0,0,
1075056,coeffs: 24.695179 58.036449 -3.176541,0,0,
1075084,1082426,0,0,
1075085,coeffs: 24.667007 58.195759 -3.316311,0,0,
1075113,1082138,0,0,
1075114,coeffs: 24.641735 58.336197 -3.437213,0,0,
1075144,1081892,0,0,
1075145,coeffs: 24.617676 58.467148 -3.547758,0,0,
1075171,1081654,0,0,
1075172,coeffs: 24.591982 58.604393 -3.661471,0,0,
1075194,1081446,0,0,
1075195,coeffs: 24.567327 58.734390 -3.767663,0,0,
1075218,1081276,0,0,
1075219,coeffs: 24.545389 58.848167 -3.859158,0,0,
1075243,1081168,0,0,
1075243,coeffs: 24.530491 58.924328 -3.919508,0,0,
1075272,1081009,0,0,
1075273,coeffs: 24.506552 59.044327 -4.012783,0,0,
1075299,1080881,0,0,
1075300,coeffs: 24.485813 59.146233 -4.090529,0,0,
1075331,1080773,0,0,
1075332,coeffs: 24.466917 59.237537 -4.158960,0,0,
1075355,1080680,0,0,
1075356,coeffs: 24.449612 59.320095 -4.220019,0,0,
1075379,1080573,0,0,
1075380,coeffs: 24.428308 59.419899 -4.292618,0,0,
1075402,1080500,0,0,
1075403,coeffs: 24.412868 59.491135 -4.343705,0,0,
1075429,1080433,0,0,
1075430,coeffs: 24.398088 59.558720 -4.391556,0,0,
1075454,1080393,0,0,
1075454,coeffs: 24.388733 59.600204 -4.420326,0,0,
1075485,1080318,0,0,
1075486,coeffs: 24.370234 59.682056 -4.476429,0,0,
1075509,1080266,0,0,
1075510,coeffs: 24.356731 59.740864 -4.516176,0,0,
1075533,1080235,0,0,
1075534,coeffs: 24.348310 59.776997 -4.540270,0,0,
1075559,1080171,0,0,
1075560,coeffs: 24.330378 59.853180 -4.590428,0,0,
1075584,1080139,0,0,
1075584,coeffs: 24.320908 59.892555 -4.615931,0,0,
1075611,1080096,0,0,
1075611,coeffs: 24.307535 59.947884 -4.651394,0,0,
1075638,1080055,0,0,
1075638,coeffs: 24.294439 60.001015 -4.684896,0,0,
1075662,1080002,0,0,
1075663,coeffs: 24.276400 60.073250 -4.729859,0,0,
1075686,1079976,0,0,
1075686,coeffs: 24.267393 60.108948 -4.751824,0,0,
1075713,1079941,0,0,
1075714,coeffs: 24.254210 60.160309 -4.782953,0,0,
1075741,1079908,0,0,
1075742,coeffs: 24.241982 60.207542 -4.811282,0,0,
1075766,1079864,0,0,
1075767,coeffs: 24.224377 60.274700 -4.851012,0,0,
1075791,1079842,0,0,
1075791,coeffs: 24.215197 60.309124 -4.871125,0,0,
1075818,1079813,0,0,
1075818,coeffs: 24.203100 60.354641 -4.897523,0,0,
1075845,1079787,0,0,
1075846,coeffs: 24.191509 60.397270 -4.921866,0,0,
1075870,1079754,0,0,
1075871,coeffs: 24.176046 60.453354 -4.953460,0,0,
1075894,1079729,0,0,
1075895,coeffs: 24.164370 60.495106 -4.976692,0,0,
1075922,1079707,0,0,
1075923,coeffs: 24.153074 60.534740 -4.998411,0,0,
1075950,1079687,0,0,
1075951,coeffs: 24.142815 60.570843 -5.018091,0,0,
1075973,1079675,0,0,
1075974,coeffs: 24.136902 60.591599 -5.029303,0,0,
1076007,1079649,0,0,
1076008,coeffs: 24.122643 60.640461 -5.055292,0,0,
1076030,1079632,0,0,
1076031,coeffs: 24.112667 60.674290 -5.073049,0,0,
1076055,1079608,0,0,
1076056,coeffs: 24.098961 60.720314 -5.097020,0,0,
1076078,1079596,0,0,
1076079,coeffs: 24.091854 60.743977 -5.109228,0,0,
1076107,1079580,0,0,
1076108,coeffs: 24.082106 60.776031 -5.125551,0,0,
1076135,1079566,0,0,
1076136,coeffs: 24.072958 60.805386 -5.140297,0,0,
1076159,1079546,0,0,
1076160,coeffs: 24.059891 60.847523 -5.161328,0,0,
1076183,1079535,0,0,
1076183,coeffs: 24.051970 60.872414 -5.173570,0,0,
1076214,1079522,0,0,
1076215,coeffs: 24.043728 60.899101 -5.186704,0,0,
1076242,1079510,0,0,
1076243,coeffs: 24.035131 60.925674 -5.199521,0,0,
1076268,1079492,0,0,
1076269,coeffs: 24.021309 60.968002 -5.219707,0,0,
1076296,1079479,0,0,
1076296,coeffs: 24.011736 60.996685 -5.233213,0,0,
1076326,1079406,0,0,
1076327,coeffs: 23.830267 61.279121 -5.324664,0,0,
1076358,1079351,0,0,
1076359,coeffs: 23.680649 61.504528 -5.395902,0,0,
1076385,1079301,0,0,
1076386,coeffs: 23.538383 61.715267 -5.461852,0,0,
1076413,1079271,0,0,
1076414,coeffs: 23.444027 61.850121 -5.502895,0,0,
1076437,1079247,0,0,
1076437,coeffs: 23.353561 61.970470 -5.537151,0,0,
1076464,1079225,0,0,
1076465,coeffs: 23.267897 62.084347 -5.569693,0,0,
1076489,1079203,0,0,
1076490,coeffs: 23.185987 62.194553 -5.601791,0,0,
1076517,1079194,0,0,
1076518,coeffs: 23.149492 62.241516 -5.614928,0,0,
1076545,1079186,0,0,
1076546,coeffs: 23.108078 62.291199 -5.627875,0,0,
1076578,1079172,0,0,
1076579,coeffs: 23.048393 62.367516 -5.649267,0,0,
1076601,1079166,0,0,
1076602,coeffs: 23.017597 62.402569 -5.657993,0,0,
1076629,1079163,0,0,
1076630,coeffs: 22.995909 62.425568 -5.663261,0,0,
1076654,1079155,0,0,
1076655,coeffs: 22.958187 62.470963 -5.675392,0,0,
1076681,1079151,0,0,
1076682,coeffs: 22.927010 62.504215 -5.683189,0,0,
1076704,1079152,0,0,
1076705,coeffs: 22.927347 62.501141 -5.681689,0,0,
1076728,1079159,0,0,
1076729,coeffs: 22.951290 62.467224 -5.671299,0,0,
1076758,1079160,0,0,
1076759,coeffs: 22.958502 62.460251 -5.669848,0,0,
1076782,1079165,0,0,
1076782,coeffs: 22.982140 62.432068 -5.662291,0,0,
1076806,1079173,0,0,
1076806,coeffs: 23.016888 62.388294 -5.650010,0,0,
1076833,1079182,0,0,
1076834,coeffs: 23.064520 62.333332 -5.635727,0,0,
1076860,1079190,0,0,
1076861,coeffs: 23.106846 62.285069 -5.623281,0,0,
1076895,1079190,0,0,
1076896,coeffs: 23.111881 62.280487 -5.622345,0,0,
1076922,Entered Boost Phase,33554432,100664328,
1076923,flag removed,67108864,33555464,
1076924,1079196,0,0,
1076925,coeffs: 23.153425 62.237507 -5.612192,0,0,
1076943,Entered Coast Phase,67108864,100664328,
1076943,flag removed,33554432,67109896,
1076952,Entered Boost Phase,33554432,100664328,
1076952,flag removed,67108864,33555464,
1076954,1079197,0,0,
1076955,coeffs: 23.168583 62.225166 -5.610027,0,0,
1076983,1079194,0,0,
1076984,coeffs: 23.153706 62.243458 -5.615020,0,0,
1077009,1079192,0,0,
1077010,coeffs: 23.162952 62.244678 -5.617674,0,0,
1077037,1079198,0,0,
1077038,coeffs: 23.200764 62.204678 -5.608032,0,0,
1077071,1079195,0,0,
1077071,coeffs: 23.186741 62.221527 -5.612491,0,0,
1077094,1079208,0,0,
1077095,coeffs: 23.245907 62.148792 -5.592822,0,0,
1077118,1079229,0,0,
1077118,coeffs: 23.335546 62.033417 -5.560884,0,0,
1077145,1079263,0,0,
1077146,coeffs: 23.501131 61.839615 -5.510363,0,0,
1077177,1079290,0,0,
1077178,coeffs: 23.634943 61.683945 -5.470098,0,0,
1077210,1079340,0,0,
1077211,coeffs: 23.889097 61.395226 -5.396818,0,0,
1077238,1079411,0,0,
1077239,coeffs: 24.265697 60.980732 -5.294089,0,0,
1077262,1079498,0,0,
1077262,coeffs: 24.726553 60.482571 -5.172249,0,0,
1077286,1079575,0,0,
1077287,coeffs: 25.139919 60.049644 -5.069047,0,0,
1077315,1079681,0,0,
1077316,coeffs: 25.704596 59.465229 -4.931112,0,0,
1077339,1079817,0,0,
1077340,coeffs: 26.415100 58.745747 -4.764216,0,0,
1077364,1079943,0,0,
1077365,coeffs: 27.068924 58.099304 -4.617069,0,0,
1077391,1080109,0,0,
1077392,coeffs: 27.882763 57.300449 -4.436457,0,0,
1077414,1080316,0,0,
1077415,coeffs: 28.835590 56.375805 -4.229611,0,0,
1077439,1080589,0,0,
1077439,coeffs: 30.020466 55.250534 -3.982189,0,0,
1077471,1080871,0,0,
1077472,coeffs: 31.159252 54.190548 -3.753027,0,0,
1077499,1081254,0,0,
1077500,coeffs: 32.546238 52.914452 -3.480055,0,0,
1077527,1081766,0,0,
1077528,coeffs: 34.161957 51.447777 -3.169991,0,0,
1077550,1082479,0,0,
1077551,coeffs: 36.054142 49.759800 -2.818420,0,0,
1077576,1083236,0,0,
1077576,coeffs: 37.716751 48.303871 -2.519789,0,0,
1077606,1084416,0,0,
1077607,coeffs: 39.751804 46.540470 -2.161772,0,0,
1077630,1086294,0,0,
1077631,coeffs: 42.091469 44.544048 -1.761692,0,0,
1077655,1088793,0,0,
1077656,coeffs: 44.223511 42.765678 -1.412164,0,0,
1077679,1093641,0,0,
1077680,coeffs: 46.682434 40.741867 -1.019073,0,0,
1077711,1107355,0,0,
1077712,coeffs: 49.554287 38.404163 -0.569741,0,0,
1077739,1273293,0,0,
1077740,coeffs: 52.679813 35.885426 -0.089875,0,0,
1077763,1025846,0,0,
1077764,coeffs: 55.675377 33.526173 0.350654,0,0,
1077787,1054860,0,0,
1077788,coeffs: 58.950863 30.969963 0.824036,0,0,
1077812,1063008,0,0,
1077812,coeffs: 62.474491 28.239378 1.326632,0,0,
1077838,1066865,0,0,
1077839,coeffs: 66.333580 25.288317 1.863127,0,0,
1077871,1068906,0,0,
1077872,coeffs: 70.098625 22.466200 2.367082,0,0,
1077899,1070334,0,0,
1077900,coeffs: 74.279305 19.359554 2.917358,0,0,
1077926,1071345,0,0,
1077927,coeffs: 78.699677 16.102568 3.489855,0,0,
1077950,1072132,0,0,
1077951,coeffs: 83.644714 12.503519 4.115198,0,0,
1077977,1072717,0,0,
1077978,coeffs: 88.703941 8.860061 4.742401,0,0,
1078001,Entered Coast Phase,67108864,100664328,
1078002,flag removed,33554432,67109896,
1078003,1073119,0,0,
1078004,coeffs: 93.285164 5.632500 5.287186,0,0,
1078027,1073463,0,0,
1078028,coeffs: 98.185875 2.209254 5.860486,0,0,
1078053,1073729,0,0,
1078054,coeffs: 102.864555 -0.985168 6.384307,0,0,
1078081,1073963,0,0,
1078082,coeffs: 107.772682 -4.313363 6.926721,0,0,
1078109,1074172,0,0,
1078110,coeffs: 112.952988 -7.795052 7.489367,0,0,
1078138,1074356,0,0,
1078139,coeffs: 118.311996 -11.363128 8.060869,0,0,
1078163,1074506,0,0,
1078163,coeffs: 123.376015 -14.668899 8.580859,0,0,
1078189,1074640,0,0,
1078190,coeffs: 128.518311 -17.996073 9.100052,0,0,
1078222,1074765,0,0,
1078223,coeffs: 133.902374 -21.450474 9.634554,0,0,
1078256,1074872,0,0,
1078257,coeffs: 139.125320 -24.739237 10.134607,0,0,
1078285,1074970,0,0,
1078286,coeffs: 144.378571 -28.020802 10.629881,0,0,
1078308,1075058,0,0,
1078309,coeffs: 149.603714 -31.247204 11.111731,0,0,
1078337,1075143,0,0,
1078337,coeffs: 155.158768 -34.643391 11.613650,0,0,
1078361,1075211,0,0,
1078362,coeffs: 160.003799 -37.542221 12.034006,0,0,
1078390,1075279,0,0,
1078390,coeffs: 165.164322 -40.610512 12.475783,0,0,
1078416,1075344,0,0,
1078417,coeffs: 170.449112 -43.718624 12.918477,0,0,
1078445,1075397,0,0,
1078446,coeffs: 175.157288 -46.448761 13.302752,0,0,
1078471,1075451,0,0,
1078471,coeffs: 180.125595 -49.290318 13.696782,0,0,
1078498,1075497,0,0,
1078499,coeffs: 184.652786 -51.844910 14.046696,0,0,
1078522,1075542,0,0,
1078522,coeffs: 189.247131 -54.416153 14.396115,0,0,
1078559,1075583,0,0,
1078560,coeffs: 193.767700 -56.907345 14.729135,0,0,
1078582,1075622,0,0,
1078583,coeffs: 198.183563 -59.316128 15.048189,0,0,
1078611,1075654,0,0,
1078611,coeffs: 201.928513 -61.310127 15.306231,0,0,
1078634,1075685,0,0,
1078635,coeffs: 205.594772 -63.245392 15.554483,0,0,
1078667,1075713,0,0,
1078668,coeffs: 209.187790 -65.111717 15.789532,0,0,
1078695,1075737,0,0,
1078695,coeffs: 212.220062 -66.649948 15.978721,0,0,
1078727,1075762,0,0,
1078728,coeffs: 215.443146 -68.272629 16.176241,0,0,
1078751,1075787,0,0,
1078752,coeffs: 218.852829 -69.978844 16.382233,0,0,
1078775,1075800,0,0,
1078776,coeffs: 220.508484 -70.716042 16.460096,0,0,
1078803,1075816,0,0,
1078804,coeffs: 222.723495 -71.750313 16.575645,0,0,
1078832,1075827,0,0,
1078832,coeffs: 224.198502 -72.373810 16.636414,0,0,
1078857,1075842,0,0,
1078858,coeffs: 226.270599 -73.319763 16.739088,0,0,
1078884,1075845,0,0,
1078885,coeffs: 226.726959 -73.398598 16.729935,0,0,
1078911,1075852,0,0,
1078912,coeffs: 227.670303 -73.734856 16.753288,0,0,
1078938,1075852,0,0,
1078939,coeffs: 227.651810 -73.563606 16.711958,0,0,
1078966,1075854,0,0,
1078967,coeffs: 227.817551 -73.488564 16.682547,0,0,
1078999,1075851,0,0,
1079000,coeffs: 227.329239 -73.083023 16.613050,0,0,
1079026,1075846,0,0,
1079027,coeffs: 226.560883 -72.542397 16.527653,0,0,
1079054,1075836,0,0,
1079055,coeffs: 225.064651 -71.638100 16.398130,0,0,
1079081,1075815,0,0,
1079082,coeffs: 222.202576 -70.076019 16.192350,0,0,
1079109,1075788,0,0,
1079110,coeffs: 218.508514 -68.109856 15.938927,0,0,
1079141,1075773,0,0,
1079142,coeffs: 216.506882 -67.013000 15.793056,0,0,
1079165,1075757,0,0,
1079165,coeffs: 214.411575 -65.887184 15.645610,0,0,
1079192,1075714,0,0,
1079192,coeffs: 208.960312 -63.124714 15.304955,0,0,
1079219,1075686,0,0,
1079220,coeffs: 205.587494 -61.390106 15.086833,0,0,
1079248,1075637,0,0,
1079249,coeffs: 199.802658 -58.519527 14.739295,0,0,
1079271,1075602,0,0,
1079272,coeffs: 195.890915 -56.576038 14.502387,0,0,
1079296,1075546,0,0,
1079296,coeffs: 189.802505 -53.615982 14.150517,0,0,
1079323,1075479,0,0,
1079323,coeffs: 182.920471 -50.301468 13.759964,0,0,
1079355,1075403,0,0,
1079356,coeffs: 175.432144 -46.744125 13.346481,0,0,
1079379,1075334,0,0,
1079380,coeffs: 169.058899 -43.736176 12.998171,0,0,
1079407,1075259,0,0,
1079407,coeffs: 162.490189 -40.657684 12.643835,0,0,
1079434,1075134,0,0,
1079435,coeffs: 152.194824 -35.888443 12.103236,0,0,
1079458,1075055,0,0,
1079459,coeffs: 146.084564 -33.093437 11.788227,0,0,
1079481,1074917,0,0,
1079482,coeffs: 136.070541 -28.547596 11.282751,0,0,
1079509,1074751,0,0,
1079510,coeffs: 125.139801 -23.621542 10.738780,0,0,
1079537,1074617,0,0,
1079537,coeffs: 116.913826 -19.946890 10.334810,0,0,
1079561,1074444,0,0,
1079561,coeffs: 107.151527 -15.630383 9.866103,0,0,
1079589,1074247,0,0,
1079589,coeffs: 97.023628 -11.187164 9.387380,0,0,
1079612,1074015,0,0,
1079612,coeffs: 86.184303 -6.450450 8.879201,0,0,
1079635,1073753,0,0,
1079636,coeffs: 75.214607 -1.691876 8.372302,0,0,
1079660,1073536,0,0,
1079661,coeffs: 66.950615 1.852407 7.997891,0,0,
1079683,1073252,0,0,
1079684,coeffs: 57.178078 6.032761 7.558290,0,0,
1079708,1072964,0,0,
1079708,coeffs: 48.225445 9.840541 7.159821,0,0,
1079744,1072568,0,0,
1079745,coeffs: 37.300053 14.468521 6.678282,0,0,
1079767,1072206,0,0,
1079768,coeffs: 28.465895 18.191072 6.292360,0,0,
1079794,1071795,0,0,
1079795,coeffs: 19.535519 21.931931 5.906573,0,0,
1079819,1071235,0,0,
1079819,coeffs: 8.910708 26.357512 5.453336,0,0,
1079851,1070651,0,0,
1079852,coeffs: -0.655244 30.309479 5.051462,0,0,
1079880,1070035,0,0,
1079881,coeffs: -9.351770 33.900700 4.686326,0,0,
1079903,1069056,0,0,
1079904,coeffs: -20.920036 38.657272 4.205889,0,0,
1079928,1068383,0,0,
1079928,coeffs: -27.682028 41.408005 3.929429,0,0,
1079954,1067178,0,0,
1079955,coeffs: -37.815567 45.530487 3.516567,0,0,
1079988,1065981,0,0,
1079989,coeffs: -46.012344 48.854038 3.184558,0,0,
1080012,1064714,0,0,
1080013,coeffs: -53.237045 51.761757 2.895766,0,0,
1080040,1062113,0,0,
1080040,coeffs: -64.695290 56.358540 2.442285,0,0,
1080064,1060055,0,0,
1080065,coeffs: -71.551994 59.093746 2.173177,0,0,
1080087,1057597,0,0,
1080088,coeffs: -78.061523 61.673592 1.920756,0,0,
1080112,1052389,0,0,
1080112,coeffs: -87.959381 65.576263 1.542088,0,0,
1080143,1047323,0,0,
1080144,coeffs: -94.566315 68.150078 1.294242,0,0,
1080167,1037726,0,0,
1080168,coeffs: -102.549370 71.279922 0.992050,0,0,
1080190,1023208,0,0,
1080191,coeffs: -109.487068 73.977669 0.733268,0,0,
1080214,965644,0,0,
1080214,coeffs: -119.585945 77.888023 0.360567,0,0,
1080247,804309,0,0,
1080248,coeffs: -125.431358 80.124214 0.148741,0,0,
1080271,1566662,0,0,
1080272,coeffs: -131.760071 82.566025 -0.083737,0,0,
1080299,1203210,0,0,
1080300,coeffs: -138.501953 85.151970 -0.328623,0,0,
1080327,1139802,0,0,
1080328,coeffs: -148.130432 88.810608 -0.671277,0,0,
1080353,1123737,0,0,
1080354,coeffs: -154.814087 91.365349 -0.912097,0,0,
1080377,1114054,0,0,
1080378,coeffs: -161.938705 94.062965 -1.164088,0,0,
1080405,1106676,0,0,
1080406,coeffs: -170.868561 97.418816 -1.474972,0,0,
1080433,1101808,0,0,
1080434,coeffs: -180.086105 100.854965 -1.790952,0,0,
1080459,1099619,0,0,
1080460,coeffs: -185.522644 102.901627 -1.981362,0,0,
1080483,1099251,0,0,
1080484,coeffs: -186.407150 103.250038 -2.016657,0,0,
1080512,1096355,0,0,
1080513,coeffs: -196.544418 106.985306 -2.356132,0,0,
1080541,1095540,0,0,
1080541,coeffs: -199.998993 108.256149 -2.472904,0,0,
1080565,1093005,0,0,
1080566,coeffs: -213.737549 113.290565 -2.926960,0,0,
1080589,1091439,0,0,
1080589,coeffs: -225.322510 117.493019 -3.302768,0,0,
1080616,1090128,0,0,
1080616,coeffs: -237.868927 122.001106 -3.702264,0,0,
1080639,1091155,0,0,
1080640,coeffs: -227.628067 118.319695 -3.379881,0,0,
1080666,1088483,0,0,
1080667,coeffs: -259.481110 129.643417 -4.370422,0,0,
1080694,1088628,0,0,
1080695,coeffs: -257.162598 128.821060 -4.300709,0,0,
1080718,1087668,0,0,
1080719,coeffs: -273.572754 134.592880 -4.801338,0,0,
1080743,1087471,0,0,
1080744,coeffs: -277.262787 135.902527 -4.917182,0,0,
1080766,1086908,0,0,
1080767,coeffs: -289.590027 140.208282 -5.288454,0,0,
1080794,1086497,0,0,
1080795,coeffs: -300.084839 143.839417 -5.599061,0,0,
1080817,1085981,0,0,
1080818,coeffs: -315.444061 149.119781 -6.047113,0,0,
1080850,1085653,0,0,
1080851,coeffs: -326.614044 152.955154 -6.372593,0,0,
1080874,1085699,0,0,
1080874,coeffs: -325.024078 152.386368 -6.324486,0,0,
1080902,1085417,0,0,
1080903,coeffs: -335.813782 156.047348 -6.631699,0,0,
1080926,1085302,0,0,
1080927,coeffs: -340.480316 157.626877 -6.764609,0,0,
1080950,1085226,0,0,
1080951,coeffs: -343.725708 158.717621 -6.856254,0,0,
1080973,1084796,0,0,
1080974,coeffs: -364.527710 165.700699 -7.434427,0,0,
1081000,1084733,0,0,
1081001,coeffs: -367.976501 166.832184 -7.527330,0,0,
1081029,1084754,0,0,
1081030,coeffs: -366.729309 166.414169 -7.494178,0,0,
1081062,1084446,0,0,
1081063,coeffs: -384.835999 172.425629 -7.986823,0,0,
1081091,1084529,0,0,
1081092,coeffs: -379.606018 170.688568 -7.846198,0,0,
1081115,1083952,0,0,
1081115,coeffs: -420.858185 184.238449 -8.943214,0,0,
1081139,1083942,0,0,
1081140,coeffs: -421.895660 184.543137 -8.966308,0,0,
1081163,1084079,0,0,
1081164,coeffs: -410.941803 180.947189 -8.676856,0,0,
1081191,1084028,0,0,
1081192,coeffs: -415.154083 182.295883 -8.784415,0,0,
1081215,1083786,0,0,
1081215,coeffs: -436.690491 189.237488 -9.336573,0,0,
1081246,1083695,0,0,
1081247,coeffs: -445.860413 192.153366 -9.566161,0,0,
1081275,1083516,0,0,
1081275,coeffs: -465.458618 198.389694 -10.056160,0,0,
1081303,1083681,0,0,
1081304,coeffs: -447.905548 192.740616 -9.609204,0,0,
1081331,1083292,0,0,
1081332,coeffs: -494.501556 207.494308 -10.761436,0,0,
1081356,1083505,0,0,
1081357,coeffs: -468.129150 199.094070 -10.102812,0,0,
1081384,1083306,0,0,
1081385,coeffs: -494.204041 207.256317 -10.733439,0,0,
1081413,1083356,0,0,
1081413,coeffs: -488.028442 205.263031 -10.575614,0,0,
1081440,1083259,0,0,
1081441,coeffs: -502.405304 209.691040 -10.912493,0,0,
1081474,1083236,0,0,
1081475,coeffs: -506.723236 210.967636 -11.005938,0,0,
1081502,1044823,0,0,
1081503,coeffs: 0.000000 54.294010 0.941661,0,0,
1081534,1083395,0,0,
1081534,coeffs: -484.633331 204.038330 -10.470852,0,0,
1081560,1037100,0,0,
1081561,coeffs: 0.000000 55.505695 0.759277,0,0,
1081588,1031719,0,0,
1081589,coeffs: 0.000000 56.109573 0.669041,0,0,
1081615,1024701,0,0,
1081616,coeffs: 0.000000 56.713501 0.579291,0,0,
1081648,1015015,0,0,
1081649,coeffs: 0.000000 57.324928 0.488819,0,0,
1081673,1001737,0,0,
1081673,coeffs: 0.000000 57.909737 0.402631,0,0,
1081699,981312,0,0,
1081700,coeffs: 0.000000 58.495140 0.316740,0,0,
1081727,946065,0,0,
1081728,coeffs: 0.000000 59.078899 0.231525,0,0,
1081752,873641,0,0,
1081753,coeffs: 0.000000 59.645317 0.149105,0,0,
1081780,626659,0,0,
1081781,coeffs: 0.000000 60.210087 0.067350,0,0,
1081808,3799167,0,0,
1081809,coeffs: 0.000000 60.753979 -0.011145,0,0,
1081831,1423538,0,0,
1081832,coeffs: 0.000000 61.286160 -0.087580,0,0,
1081857,1261337,0,0,
1081858,coeffs: 0.000000 61.825878 -0.164706,0,0,
1081885,1203038,0,0,
1081886,coeffs: 0.000000 62.362423 -0.240993,0,0,
1081914,1173541,0,0,
1081915,coeffs: 0.000000 62.882984 -0.314764,0,0,
1081937,1155458,0,0,
1081938,coeffs: 0.000000 63.398617 -0.387491,0,0,
1081962,1143314,0,0,
1081962,coeffs: 0.000000 63.905758 -0.458685,0,0,
1081995,1134344,0,0,
1081995,coeffs: 0.000000 64.421379 -0.530724,0,0,
1082018,1127869,0,0,
1082019,coeffs: 0.000000 64.908859 -0.598597,0,0,
1082043,1122785,0,0,
1082044,coeffs: 0.000000 65.391159 -0.665448,0,0,
1082067,1118652,0,0,
1082068,coeffs: 0.000000 65.873192 -0.731924,0,0,
1082094,1115259,0,0,
1082095,coeffs: 0.000000 66.349594 -0.797327,0,0,
1082118,1112515,0,0,
1082119,coeffs: 0.000000 66.803703 -0.859469,0,0,
1082143,1110192,0,0,
1082144,coeffs: 0.000000 67.249184 -0.920205,0,0,
1082166,1108184,0,0,
1082167,coeffs: 0.000000 67.691269 -0.980124,0,0,
1082191,1106418,0,0,
1082191,coeffs: 0.000000 68.132729 -1.039679,0,0,
1082218,1104902,0,0,
1082219,coeffs: 0.000000 68.557602 -1.096891,0,0,
1082251,1103585,0,0,
1082252,coeffs: 0.000000 68.968468 -1.152016,0,0,
1082276,1102395,0,0,
1082276,coeffs: 0.000000 69.379730 -1.206879,0,0,
1082303,1101321,0,0,
1082304,coeffs: 0.000000 69.787621 -1.261109,0,0,
1082331,1100364,0,0,
1082332,coeffs: 0.000000 70.184334 -1.313697,0,0,
1082356,1099510,0,0,
1082357,coeffs: 0.000000 70.569740 -1.364544,0,0,
1082386,1098729,0,0,
1082386,coeffs: 0.000000 70.951187 -1.414669,0,0,
1082409,1098044,0,0,
1082410,coeffs: 0.000000 71.310577 -1.461751,0,0,
1082437,1097407,0,0,
1082438,coeffs: 0.000000 71.668259 -1.508456,0,0,
1082462,1096825,0,0,
1082463,coeffs: 0.000000 72.018158 -1.553919,0,0,
1082486,1096291,0,0,
1082487,coeffs: 0.000000 72.359756 -1.598119,0,0,
1082514,1095807,0,0,
1082515,coeffs: 0.000000 72.687492 -1.640424,0,0,
1082542,1095359,0,0,
1082543,coeffs: 0.000000 73.007980 -1.681659,0,0,
1082567,1094944,0,0,
1082568,coeffs: 0.000000 73.320923 -1.721746,0,0,
1082590,1094561,0,0,
1082591,coeffs: 0.000000 73.626022 -1.760635,0,0,
1082615,1094194,0,0,
1082615,coeffs: 0.000000 73.931892 -1.799449,0,0,
1082647,1093863,0,0,
1082648,coeffs: 0.000000 74.221489 -1.836154,0,0,
1082671,1093556,0,0,
1082672,coeffs: 0.000000 74.501373 -1.871501,0,0,
1082699,1093262,0,0,
1082699,coeffs: 0.000000 74.780327 -1.906601,0,0,
1082726,1092992,0,0,
1082727,coeffs: 0.000000 75.047607 -1.940182,0,0,
1082752,1092743,0,0,
1082753,coeffs: 0.000000 75.302940 -1.972158,0,0,
1082779,1092507,0,0,
1082780,coeffs: 0.000000 75.553909 -2.003492,0,0,
1082808,1092287,0,0,
1082809,coeffs: 0.000000 75.795982 -2.033661,0,0,
1082838,1092080,0,0,
1082839,coeffs: 0.000000 76.030388 -2.062805,0,0,
1082863,1091885,0,0,
1082864,coeffs: 0.000000 76.259727 -2.091237,0,0,
1082888,1091695,0,0,
1082889,coeffs: 0.000000 76.489426 -2.119572,0,0,
1082912,1091522,0,0,
1082913,coeffs: 0.000000 76.705612 -2.146211,0,0,
1082938,1091360,0,0,
1082938,coeffs: 0.000000 76.912689 -2.171659,0,0,
1082964,1091200,0,0,
1082965,coeffs: 0.000000 77.122887 -2.197435,0,0,
1082998,1091048,0,0,
1082999,coeffs: 0.000000 77.327370 -2.222456,0,0,
1083025,1090903,0,0,
1083026,coeffs: 0.000000 77.528275 -2.246978,0,0,
1083054,1090769,0,0,
1083055,coeffs: 0.000000 77.718819 -2.270196,0,0,
1083080,1090635,0,0,
1083081,coeffs: 0.000000 77.913506 -2.293874,0,0,
1083109,1090505,0,0,
1083110,coeffs: 0.000000 78.105576 -2.317177,0,0,
1083137,1090381,0,0,
1083138,coeffs: 0.000000 78.294685 -2.340069,0,0,
1083172,1090257,0,0,
1083173,coeffs: 0.000000 78.485779 -2.363214,0,0,
1083199,1090139,0,0,
1083200,coeffs: 0.000000 78.673431 -2.385875,0,0,
1083231,1090024,0,0,
1083232,coeffs: 0.000000 78.859589 -2.408310,0,0,
1083258,1089909,0,0,
1083259,coeffs: 0.000000 79.049988 -2.431245,0,0,
1083286,1089797,0,0,
1083287,coeffs: 0.000000 79.237946 -2.453830,0,0,
1083309,1089692,0,0,
1083310,coeffs: 0.000000 79.419708 -2.475618,0,0,
1083332,1089586,0,0,
1083333,coeffs: 0.000000 79.607628 -2.498035,0,0,
1083358,1089482,0,0,
1083358,coeffs: 0.000000 79.793915 -2.520293,0,0,
1083388,1089379,0,0,
1083388,coeffs: 0.000000 79.982361 -2.542732,0,0,
1083411,1089282,0,0,
1083412,coeffs: 0.000000 80.165222 -2.564446,0,0,
1083439,1089185,0,0,
1083440,coeffs: 0.000000 80.350563 -2.586360,0,0,
1083463,1089085,0,0,
1083464,coeffs: 0.000000 80.547073 -2.609578,0,0,
1083486,1088991,0,0,
1083487,coeffs: 0.000000 80.732964 -2.631482,0,0,
1083515,1088901,0,0,
1083516,coeffs: 0.000000 80.916344 -2.653054,0,0,
1083543,1088809,0,0,
1083544,coeffs: 0.000000 81.109001 -2.675580,0,0,
1083568,1088717,0,0,
1083568,coeffs: 0.000000 81.303696 -2.698355,0,0,
1083598,1088627,0,0,
1083599,coeffs: 0.000000 81.499527 -2.721188,0,0,
1083621,1088540,0,0,
1083622,coeffs: 0.000000 81.691856 -2.743557,0,0,
1083646,1088451,0,0,
1083647,coeffs: 0.000000 81.890709 -2.766655,0,0,
1083671,1088367,0,0,
1083671,coeffs: 0.000000 82.084801 -2.789117,0,0,
1083697,1088281,0,0,
1083698,coeffs: 0.000000 82.287346 -2.812431,0,0,
1083725,1088198,0,0,
1083726,coeffs: 0.000000 82.486092 -2.835243,0,0,
1083752,1088111,0,0,
1083752,coeffs: 0.000000 82.701279 -2.859865,0,0,
1083780,1088025,0,0,
1083781,coeffs: 0.000000 82.915367 -2.884279,0,0,
1083807,Mach unlocked,0,0,
1083809,1087947,0,0,
1083810,coeffs: 0.000000 83.116135 -2.907144,0,0,
1083833,Mach unlocked,0,0,
1083834,1087865,0,0,
1083835,coeffs: 0.000000 83.331879 -2.931520,0,0,
1083860,Mach unlocked,0,0,
1083861,1087780,0,0,
1083862,coeffs: 0.000000 83.558403 -2.957089,0,0,
1083888,Mach unlocked,0,0,
1083890,1087700,0,0,
1083891,coeffs: 0.000000 83.777138 -2.981706,0,0,
1083917,Mach unlocked,0,0,
1083918,1087623,0,0,
1083919,coeffs: 0.000000 83.992462 -3.005866,0,0,
1083944,Mach unlocked,0,0,
1083946,1087545,0,0,
1083946,coeffs: 0.000000 84.214714 -3.030660,0,0,
1083976,Mach unlocked,0,0,
1083978,1087470,0,0,
1083979,coeffs: 0.000000 84.433510 -3.054997,0,0,
1084006,Mach unlocked,0,0,
1084008,1087393,0,0,
1084008,coeffs: 0.000000 84.663086 -3.080503,0,0,
1084033,Mach unlocked,0,0,
1084035,1087318,0,0,
1084035,coeffs: 0.000000 84.892235 -3.105855,0,0,
1084060,Mach unlocked,0,0,
1084061,1087240,0,0,
1084062,coeffs: 0.000000 85.134102 -3.132539,0,0,
1084088,Mach unlocked,0,0,
1084090,1087167,0,0,
1084091,coeffs: 0.000000 85.367737 -3.158229,0,0,
1084116,Mach unlocked,0,0,
1084118,1087093,0,0,
1084118,coeffs: 0.000000 85.605759 -3.184287,0,0,
1084150,Mach unlocked,0,0,
1084152,1087021,0,0,
1084152,coeffs: 0.000000 85.847137 -3.210684,0,0,
1084175,Mach unlocked,0,0,
1084176,1086950,0,0,
1084177,coeffs: 0.000000 86.085060 -3.236580,0,0,
1084200,Mach unlocked,0,0,
1084201,1086882,0,0,
1084202,coeffs: 0.000000 86.323311 -3.262410,0,0,
1084227,Mach unlocked,0,0,
1084229,1086817,0,0,
1084230,coeffs: 0.000000 86.551720 -3.287097,0,0,
1084253,Mach unlocked,0,0,
1084255,1086749,0,0,
1084256,coeffs: 0.000000 86.795197 -3.313327,0,0,
1084282,Mach unlocked,0,0,
1084284,1086685,0,0,
1084285,coeffs: 0.000000 87.031227 -3.338668,0,0,
1084308,Mach unlocked,0,0,
1084309,1086625,0,0,
1084310,coeffs: 0.000000 87.259392 -3.363071,0,0,
1084336,Mach unlocked,0,0,
1084337,1086563,0,0,
1084338,coeffs: 0.000000 87.495491 -3.388202,0,0,
1084362,Mach unlocked,0,0,
1084363,1086505,0,0,
1084364,coeffs: 0.000000 87.723129 -3.412420,0,0,
1084390,Mach unlocked,0,0,
1084392,1086447,0,0,
1084393,coeffs: 0.000000 87.954857 -3.436959,0,0,
1084419,Mach unlocked,0,0,
1084421,1086390,0,0,
1084422,coeffs: 0.000000 88.186188 -3.461355,0,0,
1084454,Mach unlocked,0,0,
1084456,1086335,0,0,
1084457,coeffs: 0.000000 88.416603 -3.485618,0,0,
1084484,Mach unlocked,0,0,
1084486,1086279,0,0,
1084487,coeffs: 0.000000 88.652267 -3.510325,0,0,
1084513,Mach unlocked,0,0,
1084515,1086227,0,0,
1084516,coeffs: 0.000000 88.876190 -3.533719,0,0,
1084539,Mach unlocked,0,0,
1084540,1086176,0,0,
1084541,coeffs: 0.000000 89.101509 -3.557161,0,0,
1084565,Mach unlocked,0,0,
1084566,1086125,0,0,
1084567,coeffs: 0.000000 89.329102 -3.580795,0,0,
1084594,Mach unlocked,0,0,
1084596,1086075,0,0,
1084597,coeffs: 0.000000 89.558487 -3.604522,0,0,
1084618,Mach unlocked,0,0,
1084620,1086028,0,0,
1084621,coeffs: 0.000000 89.777626 -3.627099,0,0,
1084653,Mach unlocked,0,0,
1084655,1085979,0,0,
1084656,coeffs: 0.000000 90.008354 -3.650834,0,0,
1084677,Mach unlocked,0,0,
1084679,1085932,0,0,
1084680,coeffs: 0.000000 90.231163 -3.673667,0,0,
1084707,Mach unlocked,0,0,
1084708,1085888,0,0,
1084709,coeffs: 0.000000 90.449348 -3.695935,0,0,
1084733,Mach unlocked,0,0,
1084734,1085845,0,0,
1084735,coeffs: 0.000000 90.662437 -3.717601,0,0,
1084765,Mach unlocked,0,0,
1084767,1085801,0,0,
1084768,coeffs: 0.000000 90.885246 -3.740225,0,0,
1084790,Mach unlocked,0,0,
1084792,1085760,0,0,
1084793,coeffs: 0.000000 91.098633 -3.761804,0,0,
1084816,Mach unlocked,0,0,
1084817,1085720,0,0,
1084818,coeffs: 0.000000 91.310951 -3.783185,0,0,
1084840,Mach unlocked,0,0,
1084842,1085681,0,0,
1084843,coeffs: 0.000000 91.515862 -3.803742,0,0,
1084866,Mach unlocked,0,0,
1084868,1085642,0,0,
1084868,coeffs: 0.000000 91.730728 -3.825269,0,0,
1084893,Mach unlocked,0,0,
1084895,1085604,0,0,
1084896,coeffs: 0.000000 91.936745 -3.845838,0,0,
1084918,Mach unlocked,0,0,
1084920,1085568,0,0,
1084920,coeffs: 0.000000 92.139893 -3.866036,0,0,
1084946,Mach unlocked,0,0,
1084948,1085534,0,0,
1084949,coeffs: 0.000000 92.335579 -3.885403,0,0,
1084975,Mach unlocked,0,0,
1084977,1085500,0,0,
1084978,coeffs: 0.000000 92.530357 -3.904615,0,0,
1085001,Mach unlocked,0,0,
1085003,1085468,0,0,
1085003,coeffs: 0.000000 92.721359 -3.923457,0,0,
1085032,Mach unlocked,0,0,
1085034,1085436,0,0,
1085035,coeffs: 0.000000 92.913239 -3.942302,0,0,
1085060,Mach unlocked,0,0,
1085061,1085402,0,0,
1085062,coeffs: 0.000000 93.113846 -3.961993,0,0,
1085088,Mach unlocked,0,0,
1085090,1085371,0,0,
1085091,coeffs: 0.000000 93.306938 -3.980878,0,0,
1085116,Mach unlocked,0,0,
1085118,1085342,0,0,
1085118,coeffs: 0.000000 93.488045 -3.998526,0,0,
1085151,Mach unlocked,0,0,
1085152,1085311,0,0,
1085153,coeffs: 0.000000 93.679588 -4.017192,0,0,
1085175,Mach unlocked,0,0,
1085176,1085282,0,0,
1085177,coeffs: 0.000000 93.866005 -4.035277,0,0,
1085203,Mach unlocked,0,0,
1085205,1085255,0,0,
1085206,coeffs: 0.000000 94.042717 -4.052361,0,0,
1085228,Mach unlocked,0,0,
1085230,1085229,0,0,
1085231,coeffs: 0.000000 94.213951 -4.068849,0,0,
1085231,predicted apogee1085229,0,0,
1085231,-2.697266,0,0,
1085232,flag removed,67108864,1032,
1085232,flag removed,33554432,1032,
1085232,Apogee Detected!!,134217728,134218760,
1085233,Apogee detected at 1085229,0,0,
1085233,Apogee at 545.379639,0,0,
1085234,state exited | state duration: 11591,8,134218752,
1388098,Packet Exceeds Serial MTU,0,0,
1388098,Packet Exceeds Can MTU!,0,0,
1663649,Packet Exceeds Serial MTU,0,0,
1663649,Packet Exceeds Can MTU!,0,0,
2015478,Packet Exceeds Serial MTU,0,0,
2015479,Packet Exceeds Can MTU!,0,0,
2158528,Packet Exceeds Serial MTU,0,0,
2158528,Packet Exceeds Can MTU!,0,0,
2431906,Packet Exceeds Serial MTU,0,0,
2431907,Packet Exceeds Can MTU!,0,0,
